feePayerKeyPair:  Keypair {
  _keypair: {
    publicKey: Uint8Array(32) [
       56,  49, 240, 170, 176,  24, 122,  47,
      172, 147, 176,  18,   6,  35,  51, 106,
       71, 132, 168,  92, 209, 239,  80,  90,
      134, 143,  43,  22, 202, 227, 171, 195
    ],
    secretKey: Uint8Array(64) [
      194,  30, 202,  11,  10, 145,  94, 125, 193, 102, 168,
       82,  76,  78, 247,  20,  22,  24, 131, 160, 212,  21,
      130, 181,  72, 229, 167, 136,  71, 180, 230, 136,  56,
       49, 240, 170, 176,  24, 122,  47, 172, 147, 176,  18,
        6,  35,  51, 106,  71, 132, 168,  92, 209, 239,  80,
       90, 134, 143,  43,  22, 202, 227, 171, 195
    ]
  }
}
keypairForNewTokenAccount:  Keypair {
  _keypair: {
    publicKey: Uint8Array(32) [
        0, 251, 236, 193, 108, 236, 195,   3,
      233, 108,  25, 160, 156,   2, 210,  61,
      244,   5, 209,  22, 237,  68, 178,  33,
      206, 252, 191, 228, 116, 126,   3, 207
    ],
    secretKey: Uint8Array(64) [
       85, 201, 208,  70, 115, 166,  41, 187,  43,  82, 152,
      176,  33,  85, 168, 129,   9, 106, 187, 138, 172, 214,
      203,  81, 127, 202, 114, 157, 220,  69, 156, 157,   0,
      251, 236, 193, 108, 236, 195,   3, 233, 108,  25, 160,
      156,   2, 210,  61, 244,   5, 209,  22, 237,  68, 178,
       33, 206, 252, 191, 228, 116, 126,   3, 207
    ]
  }
}
keypairForNewTokenAccount Public Key:  14qocHkpPpPwQdybxN298ZCngeuWqrMzJzxSpDDd3EZk   
tokenAccountPublicKey Public Key:  14qocHkpPpPwQdybxN298ZCngeuWqrMzJzxSpDDd3EZk