feePayerKeyPair: Keypair {
  _keypair: {
    publicKey: Uint8Array(32) [
        9, 215,  20,  74,  32, 128,  59, 163,
       21,  10, 197, 178, 188, 101,  57,  51,
      119,  70, 225,  71,  90, 149, 230,  78,
      106,  49, 151, 236,  72,  79,  84,  69
    ],
    secretKey: Uint8Array(64) [
      255,  36,  43, 216,  28, 129,  72,  53,  88, 238, 135,
       79,  54, 146, 251, 206, 120,  65,  85, 113, 219, 253,
       21, 162, 141,  44,  53,  19,  44, 111,  19,  20,   9,
      215,  20,  74,  32, 128,  59, 163,  21,  10, 197, 178,
      188, 101,  57,  51, 119,  70, 225,  71,  90, 149, 230,
       78, 106,  49, 151, 236,  72,  79,  84,  69
    ]
  }
}
keypairForNewTokenAccount: Keypair {
  _keypair: {
    publicKey: Uint8Array(32) [
      216, 202,  98, 199,  94, 255,  56, 223,
      215, 173, 192, 164,  66, 233, 210,  66,
        9,   2, 227,  46,  65,  35, 219, 166,
      100, 232,  48,  39, 161, 198,  77, 252
    ],
    secretKey: Uint8Array(64) [
      180, 142, 179,  12,  73,  21,  34,   3, 144,  18, 134,
      191,  29, 252,  10, 150,  54,   6, 190, 242, 112, 223,
       87, 134, 254, 202, 101, 194,  60, 217,  93, 155, 216,
      202,  98, 199,  94, 255,  56, 223, 215, 173, 192, 164,
       66, 233, 210,  66,   9,   2, 227,  46,  65,  35, 219,
      166, 100, 232,  48,  39, 161, 198,  77, 252
    ]
  }
}
keypairForNewTokenAccount Public Key: FbG47xWvnAfyTm1XNpx3gHaCDqffHwbqnQsXbKxQFLfu    
tokenMintAddress Public Key: FbG47xWvnAfyTm1XNpx3gHaCDqffHwbqnQsXbKxQFLfu